[(1036.1089986365705, 2073.7166338433572), (1039.9871989092567, 2182.3062414785636)]
[(1765.2106499015308, 2096.9858354794728), (1753.5760490834728, 2279.2612482957129)]
Number of lines = 6
[(1644.9864414482663, 937.40395394637198), (1819.5054537191345, 964.55135585517382), (1648.864641720952, 1080.8973640357526), (1827.2618542645059, 1092.5319648538102), (1672.1338433570681, 1236.0253749431906), (1831.1400545371916, 1239.9035752158766), (997.32699590971106, 933.52575367368627), (640.53257082260279, 964.55135585517382), (993.44879563702489, 1077.0191637630664), (659.92357218603274, 1088.6537645811245), (896.49378881987604, 1220.5125738524468), (656.04537191334657, 1216.6343735797609)]
[0, 1, 2, 3, 4, 5, 6, 7, 8, 9, 10, 11]


Equation:
y = 0.0153696615905*x + 1203.07896166
[(4193.933458446903, 1267.5382996489307), (-1802.7405675730959, 1175.3714492002114)]
(-6953.7372732392014, 1096.2023729801276)
2.57183469073


[(1036.1089986365705, 2065.9602332979853), (1043.8653991819424, 2186.1844417512498)]
[(946.91039236479355, 925.76935312831392), (935.27579154673549, 1992.2744281169521)]
Number of lines = 6
[(438.86615664293276, 1011.0897591274052), (853.83358582033043, 937.40395394637198), (853.83358582033043, 1092.5319648538102), (644.41077109528851, 1092.5319648538102), (853.83358582033043, 1282.5637782154222), (667.67997273140463, 1274.8073776700503), (1687.6466444478119, 941.28215421905816), (1831.1400545371916, 956.79495530980194), (1679.8902439024396, 1003.3333585820333), (1831.1400545371916, 1022.7243599454632), (1695.4030449931834, 1173.9741705802153), (1815.6272534464479, 1173.9741705802153)]
[0, 1, 2, 3, 4, 5, 6, 7, 8, 9, 10, 11]


Equation:
y = -0.045888007934*x + 1065.98452314
[(-1482.4162048222345, 1134.0096497121874), (1800.506730084492, 983.3628560284386)]
(406.11733216000101, 1047.3486077834993)
Building height: 17.3459474472

Equation:
y = -0.00760484410529*x + 1161.20740022
[(-938.7530209531033, 1168.3464706007528), (3299.0835376024297, 1136.1183842292583)]
(-6649.7460226331586, 1211.7776820649062)
Pole height: 2.61907540117
Height of camera: 14.2790498139
